LEVEL ONE : (2,1,2) (3,3,3) (4,3,1) (2,4,0) (4,6,0) (6,3,3)
LEVEL TWO : (2,2,2) (4,3,2) (6,2,2) (5,4,3) (5,5,3) (2,5,3)
LEVEL THREE : (2,2,0) (2,3,0) (4,5,0) (5,5,2) (5,2,0) (4,1,2)
LEVEL FOUR : (1,3,1) (4,2,1) (2,5,2) (5,5,2) (6,6,2) (5,1,1)
LEVEL FIVE : (1,1,0) (3,2,0) (2,4,3) (5,5,0) (5,2,0) (5,6,1)
LEVEL SIX : (4,1,2) (5,3,1) (2,3,1) (2,5,1) (4,5,3) (6,5,2)
LEVEL SEVEN: (3,4,0) (5,4,1) (6,5,3) (4,6,3) (1,4,0) (2,1,1)
LEVEL EIGHT: (2,1,2) (1,3,1) (2,6,3) (5,4,1) (3,2,1) (3,5,0)
LEVEL NINE: (1,4,1) (3,4,0) (3,6,0) (6,4,2) (3,1,1) (4,6,2)
LEVEL TEN: (2,2,0) (3,3,2) (5,6,2) (4,1,1) (2,6,3) (4,4,1)
LEVEL ELEVEN: (2,1,1) (5,2,2) (2,4,1) (4,4,0) (3,6,3) (6,6,2)
LEVEL TWELVE: (4,2,3) (5,2,2) (6,5,2) (5,5,0) (2,5,0) (4,6,0)
LEVEL THIRTEEN: (6,2,1) (4,3,2) (4,5,0) (5,6,2) (2,5,3) (2,2,0)
LEVEL FOURTEEN: (2,2,3) (1,3,1) (2,5,3) (5,3,2) (6,5,2) (4,4,1) (7,2,1)
LEVEL FIFTEEN: (1,2,0) (2,2,0) (2,4,3) (5,6,3) (6,5,2) (5,3,0) (5,1,2) (3,3,3)