LEVEL ONE : (2,1,1) (2,4,0) (5,3,0) (3,3,3)
LEVEL TWO : (3,1,2) (2,4,1) (4,4,0) (4,3,3)
LEVEL THREE : (2,2,0) (2,3,0) (4,3,0) (5,3,0) 
LEVEL FOUR : (4,1,0) (5,3,3) (4,4,0) (1,4,0)
LEVEL FIVE : (1,3,1) (2,5,3) (3,3,0) (4,2,1)
LEVEL SIX : (2,1,0) (2,2,0) (4,2,1) (4,3,1)
LEVEL SEVEN: (4,1,1) (3,3,2) (2,4,2) (3,5,1)
LEVEL EIGHT: (1,2,0) (3,1,0) (3,4,3) (5,5,2)
LEVEL NINE: (3,1,2) (4,2,1) (2,3,1) (2,5,3)
LEVEL TEN: (3,3,1) (3,4,2) (2,1,0) (4,5,2)
LEVEL ELEVEN: (4,2,2) (3,2,2) (4,5,0) (1,5,3)
LEVEL TWELVE: (1,1,1) (2,3,0) (2,2,2) (4,5,3) 
LEVEL THIRTEEN: (1,3,1) (2,4,0) (4,3,0) (1,2,3)
LEVEL FOURTEEN: (3,3,0) (2,4,1) (4,5,1) (5,4,1)
LEVEL FIFTEEN: (1,1,0) (1,4,3) (3,2,3) (4,4,1) (2,5,0)